217177194
737258428
527112606
529977121
414162983
498720644
769819977
494965964
420410524
683834687
76438961
951606757
806142442
114855020
482122411
157277967
101223034
310594434
424916998
172745679
858402251
428335649
13207752
753422924
168254879
584618755
115281269
40584476
874243782
419039848
391358636
613958022
630522297
104726772
984538801
416794401
914294031
227523892
783673264
237031189
581029101
987498888
327407280
687873603
783940586
211058319
66663556
979693752
38981943
186626361
711623663
682861417
756401822
263417606
190064909
964802200
993962854
514858133
527892621
385454092
944801657
472007706
195291069
597803638
419873872
264141962
318932644
980030374
273454146
702228509
816655644
446439798
926659546
364524822
592358194
406760061
674893261
545276207
772251054
798544586
304791103
844794843
41698384
346017281
852161134
504038680
453957435
477047316
892596735
371534093
533796528
292416745
373967047
264063146
898488823
830972342
632796426
113200699
843677968
88252353
197620930
908450821
108865886
466256307
311045911
720362692
207277680
481789923
486925536
407630098
286340048
252783651
516588500
23347865
89369455
913096621
60606485
425703404
751829640
529669518
132191044
691069315
541580920
873566934
119734441
787533038
206948294
24523627
584512910
240777566
545095705
324006712
85924272
286370595
930024951
277536793
122420657
387243434
579297582
711848732
572880274
615491752
827006493
30263273
755884555
142064905
163818768
603304336
261029092
883668702
142972481
662879277
951636163
233228531
9314889
977591672
558478923
655993239
368053087
357720133
14254813
961107582
241274266
48678205
311175877
981338056
742885046
155845939
415990836
620929470
814554663
848075076
988347312
400045598
17421405
765069894
556351378
356308276
57386802
732424645
120132002
331891832
554079148
950572660
517991954
654205976
740179722
649640849
469311031
70167360
722002581
227029562
525157014
946005247
680221791
312467164
292445078
495036706
427002363
877406692
306666679
596669175
549150345
154671730
640737751
958040093
556652449
699040899
535070260
729356908
883786119
34330244
179102662
63487386
903736564
252946509
337562452
724485804
184384400
759492757
671949847
282510306
53328469
850730528
122638515
328458148
41080882
125487527
774319410
960039666
805159514
331601641
682648734
600118253
661554864
421616976
656363641
559408155
250186269
589157170
211783389
966511613
666387895
715115
766403147
42803888
34323263
313000561
125068186
369512571
77252409
661023578
594015245
876772339
974626222
364110997
680238798
203116338
343880399
849810126
494648758
585587362
34047086
491733396
333274242
850741328
557443005
574659542
169442779
426115869
930568993
927581131
72713756
456031635
610625735
292645891
52321173
948651955
456605323
506211133
192113675
187948768
726151022
753624807
230939100
971227373
806430347
913858105
993117204
235522691
165495639
330738890
769127594
685990683
133463388
301779822
619859982
92361575
699539625
265369921
635605130
460666333
252487833
397056102
397202433
255954424
909049625
115335810
672138067
800067188
932670883
552131637
819327844
336270600
995402662
341876530
524254518
492018548
100885535
818976071
58054247
305560648
771755098
400917731
937393329
62597925
926337856
55706027
497407593
70135717
826783359
617740694
924136352
964900186
413403399
600517743
969425107
384308311
455559288
771057127
18136965
36079588
300371700
696610844
339130511
590881667
833385005
343737201
613444969
796573081
694331475
644757435
197843399
385104768
953452287
775130355
94154390
125787267
788340944
444970368
447425676
691364978
603187747
180873005
426813363
533050708
706971444
555964425
783752599
656696197
290431801
528887742
334271071
548496244
75938431
118162231
38316091
657444469
95338984
162080191
215624140
543442969
78081104
61449163
965720764
887597122
705761832
12593685
790964256
573582273
116226106
805543252
885729360
563773124
766169237
545593058
878550815
501050290
45316824
705121218
843799899
995455308
34493728
755025138
799693931
355024058
73149404
902185963
846344760
714497379
165953219
63728011
922370048
336717200
552853822
392328211
549351795
594632300
385508926
827938577
24889326
703114632
596090769
757842895
950661672
352730888
33185024
335655969
295963460
682249073
763780169
639004341
708654395
935815583
34369071
210772340
207831074
113111346
603564131
64491971
752381977
343421384
110381262
907983162
887616881
372047462
97097162
603288325
285952465
356372513
136703150
234257053
970026884
419524607
528506629
671421279
695432214
179697722
370173096
815844433
664968116
747138196
126977115
420872602
664386340
889071401
691979897
91263733
768434258
35879472
918157772
191015354
793280140
593511629
139124368
394075979
410987241
504468509
784541693
297517730
214143297
749299041
374412525
99041685
344694661
438738104
687535658
769069472
515881991
159476604
632582907
288215013
428694361
203681038
775988110
467255714
790972884
809235283
496823560
914276067
45197147
691789667
767031132
800318333
988368732
83875481
61500959
232589031
701462677
237802384
712546741
311573878
209937314
18704654
300169044
739809516
131139140
241357922
421177041
519320721
380925050
228882519
927207457
634420482
994150296
829100738
210753171
331147459
232974980
319802173
921243227
261800002
607537717
856020706
643511477
556541521
29711081
271751506
946383269
890511654
369392404
200062709
332071722
221112179
786730498
9230873
506557128
368374838
637728560
578021561
603297392
304259757
731293560
335615751
496258496
270030867
723703029
869329506
2193869
693132851
920820674
949738371
375295730
245892038
391395183
780167323
34144809
862562542
905760247
649691425
204236924
766161580
396908008
443028083
682617236
612888212
637108575
7085370
768131746
740485732
930033806
236631153
194690713
882851495
42846517
165015622
183471448
669918255
616196506
692147822
652436487
681013624
597039583
173135492
532230285
77360308
748050173
804461381
932521600
823712602
281476074
51501278
867385614
970720680
515231325
309852850
444696246
738087323
226385103
651062270
128024818
254150009
190870018
287914544
727734351
460680591
689976198
293215938
43988650
560650424
956634959
577167073
196196864
7593246
382596710
523596511
732260811
366562378
62027906
18671946
726308125
40768773
13709654
290207980
436434458
876720647
26106261
425360740
947354308
205026770
192857475
515854655
103108300
824974418
230644027
736025811
556779633
538515241
836889740
699717112
241645261
788590707
643740173
9152635
511881197
321002466
733070231
774306059
749360253
780176116
853680704
878176460
544407282
507203378
744828612
750847086
123547057
921921762
138016723
263523605
352205468
578612872
796971426
880326555
859578539
165982241
579617878
749311095
929431237
461422204
318806788
780301193
866589740
455015086
481413144
383317310
818254157
555353256
462881104
574947864
667700683
284565903
456555879
403487165
823304826
587431707
360907742
348846106
19296964
110408618
405632182
725685171
505520471
923175322
27353966
61498910
707290854
94849620
551741918
864008050
380243435
256728542
421005391
693888220
138296316
632275671
804602605
204659559
41069906
665221067
352471521
547846089
624058411
32765146
769539143
397803302
739231589
751495880
234781976
731253850
597473533
541304641
619520870
466913999
997800268
786313183
201577163
166975526
554516153
686137502
149199750
860633746
960863533
68017933
909018002
956774984
78411642
551252118
428046074
998772560
587526598
394926646
876606756
703568757
977987621
563909386
707921647
452090131
161493950
348340275
515215209
746105670
580446439
647365795
691297248
478427550
346201453
546273409
885946428
798093411
283657695
688374864
10356005
747162023
180973190
439839330
350367283
986631524
268152738
847035656
616703051
987015970
122380888
244224157
403831996
226094160
272377713
26101733
875937447
83592785
819230303
722634327
746754682
982851103
5478108
592894446
768762875
411112485
478384933
638480833
995050504
374069498
681559119
898852823
261480547
308059471
16395173
126057961
182130129
818457306
600116368
413628648
220527048
190829164
6233270
838912627
394258589
282359772
624001479
576762517
682649442
984286339
932803274
500828320
117955109
945509793
789812208
322281508
182876366
746262521
96943806
687689696
984053845
770511735
184835092
215789501
848628601
923021264
964046581
679712854
293697017
463127835
519258322
486340049
778563659
926972294
906083397
686974025
181090076
625970387
56007764
515912063
353706557
663475859
58084621
437341183
914848923
268116976
693450758
354617489
386136957
578259221
282886020
824575411
854920322
480541012
886065836
466772222
330721689
422371460
928301468
205119026
358564002
169099547
773281988
173978629
784838872
771351660
483011866
594301579
193519948
654327850
67405404
234711718
412120908
368163752
505104374
87298637
378677842
668437587
416509434
496995242
123498731
766346180
438043565
8119213
673667097
811175028
426920013
854666557
827837101
217325353
266771257
813934957
464422
913912315
669513760
312587650
991849882
366465286
532551367
660727682
505687376
161485457
27272615
398831427
39161306
243959644
52525700
301694610
940111113
374071360
824751436
984819205
254496474
533798270
981728626
67097906
558792797
920098603
847458196
515031166
409163543
327737272
351265861
312467087
225595912
382839952
976315117
960332245
233970234
79640478
995328813
819493979
59064452
569683748
17695261
491363595
244478204
937367484
312965053
245200544
876424527
732731693
545829998
454963313
351119921
463254712
174726811
378743004
37832261
509887329
202603429
498239576
444054688
875573902
966474545
51943977
7913036
291231844
325748628
613754750
245935434
813000333
299919933
740816839
1165540
811732151
618834246
888826549
680438490
776894243
278488399
370429472
152933929
439569144
153459911
323100269
378768365
493466657
169141125
998062524
834356008
218243960
530472322
526948629
335864333
328730879
965663016
159515358
769184358
173768177
555982744
10642417
419403425
666962503
821487924
988691282
410092805
832876164
486980286
512753327
797937819
256255830
880014866
78636378
420173858
574103456
647532359
720493184
436422385
337038051
612951196
639707794
25247667
707263
152665788
95980487
112356443
694046931
493158507
212351159
209956153
952155342
720168617
992152390
579150487
656330409
303043098
153479497
711752407
727926158
498385928
708187614
911121589
173824172
886262502
521568293
969540796
412680205
373555530
805635625
252272339
61338142
549431126
364378527
617534091
422825119
866709784
47772350
788535040
32975345
819697248
327149413
315886196
113651707
286478829
714976356
594129225
778455134
814261207
217477407
990768517
536051392
133132229
599139505
137364953
654875805
405821401
57444237
747217325
159000871
994978133
76964062
788771208
156077594
659608074
801647160
255271291
958201857
42598693
171202989
370611334
506876084
391734269
211463414
722684950
199309707
638981481
868040092
416159599
798384936
379201417
722090046
453620061
535331926
649834480
149474211
826928672
109537415
474887594
284682820
397914687
241707346
492858557
334170713
266453336
468072687
33932364
610232024
17119053
345881031
934430918
69954213
465561582
806301859
840591673
183169488
826778121
39884767
285440261
744396721
781160160
121040061
136797777
917374003
272529839
823790810
853278631
11773372
133120847
205619847
565321624
892118149
982922643
555399735
170475248
537317904
327430755
290533262
132476047
290659174
800935760
187744483
903472293
112945668
205848617
865906759
288678673
71821483
322969860
51258560
313276375
457337601
681743338
849849153
181115984
386034409
515141209
243195170
237062316
629846972
333861407
474564879
169520824
981466579
743590994
3548913
934130248
672251817
547688245
876098611
418815541
903987071
892202426
820096137
853989064
494001680
648126982
646378854
47592459
833005523
184309936
6620881
421931147
653160378
112251235
205929769
56608814
593575610
487102244
384037918
644740856
80852976
56502348
662486075
386015762
601993818
814239760
146266354
72185992
498950123
411688212
806748556
533172301
321721714
278652117
756720559
925502147
274013055
807666232
861487578
815589327
102558956
526391405
954499852
315711252
233210112
654885806
807165028
349036031
637132861
669598041
740803351
748023525
38272243
7648896
112557487
959427508
907046144
327039895
389327190
494033421
938285751
67800153
846894752
82102339
603101953
590008007
552228385
603399960
634163208
198447243
792952630
845538920
384710795
622825866
624204080
804609684
965151386
436561693
195249843
605187962
683287100
829891841
808373115
298214091
653547787
695637954
665486294
522213315
747917273
953031814
436656813
94978717
643537351
240288115
678440364
210617218
456072277
456778179
531697337
986017598
726442167
790541718
544645879
129976221
513926064
74232317
701973335
686175000
478958053
191513981
384520156
255561375
509389851
385610625
506277830
343023823
180698750
167060022
523663608
285003347
871356632
521557743
767718135
780185505
750000806
674877006
73903920
983962935
758799344
161816032
744758998
258970100
947273096
638455460
115339663
274109212
894490708
307078512
56526408
451246132
895601199
903677287
732512414
386113112
677812655
823108473
706660480
20619938
733810140
986567923
731219468
65071350
507992092
609748611
730131107
201795323
607910305
505063693
487043017
33933527
375387204
801864905
597189098
169888972
315461241
588044955
90810852
992626164
10536096
216991343
884591738
455459909
232844414
357972815
618771292
916483416
724101663
893869881
440579182
926906245
985101663
875547661
99706249
262796559
107898168
961401295
523846109
986318634
907055167
21102607
676344533
569088389
812453904
893243554
127718381
151786084
571418018
833721061
374560520
996739073
963230343
151044208
877268313
308210269
995151310
165592763
59108898
759670562
833633236
622227144
504601452
805559126
265171977
302514994
232029174
131996573
273777788
184119701
790159307
446565397
440106041
352067136
37800408
520266218
401138579
607463025
292320569
106825913
885130671
589214528
767754640
7741577
121163184
585079651
585254234
994841348
582297458
377941636
245463459
871350958
907344726
84790230
435654809
799133675
991692168
362925824
762759757
462549060
122074081
237710912
718056736
405526606
336127238
679112073
486902506
773089887
104948144
446191516
572467805
545151385
970073961
397949342
945421896
302024550
576597878
722089745
913928928
326065239
870345993
869602402
847848476
727771898
102619830
620824109
479106781
542367562
851789630
64632410
41136977
503507742
835694586
995118797
447722066
153578923
443196115
141058907
324606668
819028726
409441372
223945788
182542052
764943885
741472970
818270208
296255989
50092454
716636611
766169364
124258994
983437544
81875608
384118282
691646380
433240550
860999433
926150737
423610572
493619619
55221409
981124338
784361472
101595877
529234184
139465275
362657088
64880788
282269066
185550524
543652340
230571330
784031001
557495796
573432631
614381538
624248373
524452129
542505171
418380626
811503954
26954051
315220154
664847960
973960001
598797275
882557704
302069600
648207120
180529732
361854840
204643014
121805253
441417294
81011757
593973636
419520304
359522751
418963123
286974017
522741352
401438053
377235420
494749815
717176381
447259620
45036321
631637952
106037868
145210214
414360135
517280911
729928766
809148557
859712142
869011339
45170689
291974020
441377735
228323656
928920164
404962941
979530108
310292516
141700236
579162752
330241937
242048566
186434892
93256757
123739356
157851673
953086389
502739633
241216855
333353435
345676574
115245220
841133971
648602359
310854884
925245664
888682537
232934295
514005116
368132164
936005143
279947427
728876619
232270252
15262094
907337806
924975731
790690427
724163624
554360828
337122635
280672505
329337808
93561692
806486096
811552265
400629394
165473007
77239537
29611321
692590330
509147996
983376101
426481875
69909770
129777176
965241171
38186705
613365897
304165945
928913274
153980994
510461694
888145055
765056717
166784833
492591019
17174639
164791359
333140871
436218138
26917620
520298710
724944306
216103988
893978919
545271213
914991874
804028910
775348425
796785305
901988651
510116028
149828499
822957741
879827950
892156117
635033967
710893560
572759506
344753858
618290431
767238393
680169981
208556522
887911726
553730341
938926066
223381192
373420703
881081895
116460821
503384114
173536083
229709814
905492891
943187684
736923184
881923599
926466817
28574904
327843446
326763954
342840630
709261318
93828895
885582540
668321315
936095006
782816105
75405511
931182000
927205032
631912513
260215709
665751238
833165810
576960350
38005981
729817476
826980918
691738253
355855926
555024542
872306299
64311333
626908886
468572697
571532560
478520534
900508756
693692773
15161674
8958002
584860884
233956955
258635274
65004841
796787459
593905121
274380034
64631548
75028022
662175272
854776841
881055019
120603649
585842598
485426615
58649421
172209992
97982115
606865373
155093639
731009710
990941516
398695196
843004107
648169886
9831032
311057884
819046056
96994829
264162237
54556883
642895972
956604795
795281746
456276149
895561876
130560588
196210676
480759539
43483854
389722205
724568857
157972577
557183078
788647007
845973060
780563000
482716029
170355142
787888422
266226791
804679633
328476830
498300360
343644994
880357192
227713690
293180896
875622870
45875321
515292308
27210611
305898995
574709538
112891803
753197832
931805499
835578576
340435814
563245174
820767867
704413740
646627655
394083792
588752418
138270900
565235132
960466200
90662491
183026308
545629842
505386603
179756414
569908473
407680529
595165998
382234272
358941582
880340638
398277996
583859045
859801311
426706962
471517818
190167699
526280394
206691808
250970190
361153957
169812547
255659329
106756762
882565267
833348522
208287352
968339704
821196744
152144672
911843038
364745435
439580573
216507407
546631297
325509529
641957628
903577675
339130745
219014818
463686732
860677516
354349924
343416685
788136011
614551268
474888972
940135848
685851901
227550960
480564737
780578096
39455481
894541396
322368507
108638704
864082037
67136384
445694267
266489772
222612810
356946996
422990355
368478013
638736869
363620646
59678368
441446941
422443088
721764537
419746804
257875649
921994728
75564911
311964289
88369780
833036521
854520156
843457343
315610862
298346651
185598697
412684479
303693971
447125412
433264008
564225960
812717017
876634254
918839397
935740760
675773304
420362713
7864096
875620189
337928616
964873011
827891565
610200686
869415739
791947291
638155372
894375921
390585411
44765092
669936440
603561988
964159974
742289990
997057079
904862635
554834197
310561853
572748566
626622479
678602648
618974655
778741168
744986496
442777811
129704013
685496530
800934103
533092189
891564545
846890597
115552941
106575124
649642123
535604958
429083338
412288270
121072122
282383241
165758829
524712975
276597538
983953695
887354508
290591129
396677894
95714662
37682272
541676399
776110311
500767232
195861330
321606724
896171455
950584090
539928341
28570545
444003708
786301353
724112647
392028754
145089911
229164139
208298583
400532965
428573414
592377562
31670587
70567333
224117484
643106983
148767818
754716949
696681655
437280100
587118668
59262095
438087428
815313619
862674819
282425945
475156533
954869681
637178153
607439299
130476925
440710151
913427235
849236947
950314945
101086644
212912643
451943140
584321080
954746646
587471520
948214951
571527953
661721802
284151692
681066362
720624566
44618980
293909098
711442814
298865424
659281843
740203146
155747175
532488680
19384488
715877055
741878246
108603572
823708232
400830366
431282148
261591026
336006238
652022630
891840810
780153078
94355532
984649289
584382221
10680792
204743408
93717996
338800708
313957115
844025295
837042215
12402708
344484704
344397977
160274830
476013223
150222234
954237606
145122592
999201700
188615787
917878881
894279737
409425696
271658971
71673228
563752820
927494520
919103996
253486013
972277955
808011426
87475385
968879734
464924491
678903171
232736175
185109768
980527273
870736163
471027104
684461718
596581627
878581556
839495750
694798328
473867469
602072412
475597984
773026392
856777388
723777478
273653782
844210473
285054018
796063663
744671304
441941001
626455258
472738792
50350105
764382371
835266387
454847326
205208900
567271219
475209514
526033513
970939868
792490679
894065540
415172999
729975669
308132232
138524339
125443735
746937908
548551232
100282482
666542412
709355452
311240221
424440417
47266267
308299346
185913276
568091743
120724050
994145694
721610700
361680708
380157756
481319370
23360114
693455587
28479851
574701884
548518868
339053819
196797025
992052994
515474805
30705946
106533585
500976381
632636062
791165688
300121425
623623084
650227153
773863047
628799747
447721459
520211354
116714439
633912454
43044132
939026222
833764268
992827600
977192265
171739411
458194865
625223769
348928747
994473064
93095572
940192874
48233159
201293896
500566606
593990716
400449574
914245476
623635837
970837893
626876838
361249046
425751776
166933487
435172874
773533262
816304935
352479205
195069868
647422255
853234598
369983504
894692451
270033835
406894035
564175638
147481501
576232152
874267016
463783435
249724639
964742807
95140146
328695467
524650317
931432349
619433627
816583042
530269226
16017836
357473349
663271398
76650454
427444917
883743385
537646180
843801584
693147174
198452883
323463144
750346586
217768035
787382374
511360739
367541029
212817015
246655797
418899527
586270743
233348633
882615552
29385737
462489740
993543750
784665345
81947193
621663250
577984843
342646800
321881111
890176534
428893835
589131232
150291222
743884246
596372247
230571317
731054481
395340558
29029596
519720249
166912776
161029846
331651997
36637371
584486373
275103876
730858853
48487938
849795652
961893555
910851323
940432880
372645652
642777594
179187832
32954807
38532738
236159594
100004292
261914332
467715321
640547952
609691620
210290532
756472786
758106228
698981421
165207587
775031754
662867558
35196975
434229133
353928828
567098001
839594773
125995534
879374743
483870291
632254192
761385450
401083487
250967418
165486473
578029143
27118135
821131061
25917818
421178481
710064552
699237825
535366004
574210540
284200881
439099321
698456862
963572852
272124313
340153298
930902050
339444239
895574927
352565898
717782361
860381429
818309704
907709252
696300927
378728776
689273906
536968806
8000747
539933562
20432834
76955181
744089831
798795543
423123465
682875765
804637306
670136621
888998305
999084266
127672440
430104734
312906702
642761463
998353543
500470109
681781704
727154818
824826684
46528093
807688169
181852339
340338297
296852917
759654323
693695024
125819792
336593875
632008693
91311237
172495296
304364808
41593891
129900135
985233629
450435864
578015646
848237502
847460800
806285325
532647307
558135558
669473424
38706431
588787521
439491500
705816997
326147122
291793668
524306666
932231579
578762833
678361844
831789159
103208788
904440523
311547599
548030551
476163193
739022009
480012958
725737022
899317520
129460785
842353114
622893708
155765962
687774328
878719281
402130920
811763519
260575038
267541026
680470797
304463527
861002185
507892196
354403717
388307863
884555926
902453976
365706340
16117060
885238100
133442434
991776302
987975401
291103823
425162310
992129942
291757383
118824403
483825555
214838085
915602715
99488858
360631542
210902955
947881461
933560688
605238146
920305568
317757654
141791884
712686122
172703242
568174950
539362959
940358173
342844631
564612893
696308612
237351131
92540173
438420468
998665061
793878187
578555338
916197684
470312156
835270675
570965355
721198161
244183505
562959813
726062754
528551676
6320326
795401656
299153615
528631613
488269661
295674695
315116960
894758311
676213721
361430242
324892301
182849762
569384910
876788123
616335709
888395837
354668181
279260407
228628768
962455515
290112230
250368238
222038552
676955728
291088543
62438680
163859538
306234295
912302393
907052419
954015974
949283834
753624649
829056601
629254957
572709551
155253134
95127188
84497285
5475059
376608005
948201270
341908631
354180808
880003292
446799850
294878327
226200676
331651165
116667259
145760686
221086067
574414109
690872661
417827326
837162382
328783581
879893445
980120558
431090524
907646982
292700261
274156750
305864759
144003174
459247217
494869283
401520387
280686756
902349401
671444715
673214950
60725888
604356323
785136298
953305489
842381071
799716925
806759705
551823009
550838166
375043517
744671321
766007135
545882253
875122704
967328369
438095938
402375339
542736037
76628744
282541556
887900358
850636133
899037511
275625512
883731906
205422091
538033398
656643283
398435229
324483123
485580444
710207737
233539592
402388364
41544519
593662468
150058917
368041948
722801555
848765025
934214005
879413423
167394377
32675873
360277545
757089010
538508617
373319391
853340695
768072885
46483645
37884416
911332603
763729764
878383416
418257437
459965360
391499213
160224391
252588249
249410056
755481546
581624963
623729533
273784656
993271413
832300858
62552531
124293928
917820818
689932929
961878626
457946756
73757821
788168361
749895417
485192803
758986297
990652854
287544643
516072808
509932171
151171688
99717083
570996220
912987219
106703750
916096105
685047572
386737758
56656320
558370020
653534983
17424915
409373831
937275334
235093654
562371980
936307170
869234390
510663140
362356466
135004015
864395043
197414429
970839167
927930747
650086438
988662619
564720105
408217881
992027191
165965480
767610732
468738080
768610733
735045646
961092781
349629575
836190991
323100798
128678371
890867225
976065462
182625651
232781368
205606798
139725303
950167458
998408752
39920514
771933951
138197997
722152334
137060134
880693067
493932109
349540009
457258285
551433269
253661882
191827042
346800215
193940220
862543843
9096030
552915565
14672910
227220679
246491160
588496331
780098260
37734749
383462000
249500849
520389717
229303568
488652684
118264631
699495752
343750121
461211515
66305690
210805501
772089376
690335216
726482798
794075178
666933609
219410237
305627735
8603905
993594448
521695250
13912366
849872080
766563027
323432568
704667927
10875917
33917403
474832285
475889128
825829254
95024895
701338522
658713530
197411989
907678754
300449000
134367886
508446881
855364023
724335650
960593730
416268559
628010372
302113814
625465088
994596624
121018798
531859834
634357329
524797835
703903644
820695507
142127486
108645711
124349393
923464436
223778068
50303994
668299582
152095537
571369097
686584532
83574110
621634476
113293072
258043940
783054754
469601170
622400237
844275714
731451894
347018179
961545819
984829441
109311168
511395047
379172071
651413144
816616404
463092325
759877467
678870374
392922012
959517142
719459139
287197838
595509220
959219923
762365176
846957687
972308998
797299766
267333085
641146622
860011017
614680852
412760087
271855541
480990936
613551925
779163651
719868556
680944973
299292652
682846730
180774197
67789784
773890224
227045372
427564642
609432217
448309647
55512264
79776926
9646589
744016826
279202517
548317143
515149405
567519555
333930385
118434471
492469494
379032019
660371746
904250671
426931107
762351854
990496166
735072839
370931346
673627532
893309692
181633383
271137566
71174291
743548293
181224716
702927176
521130989
476368681
333795682
249344138
234215416
332897119
369726000
14587164
676175041
647395069
360722985
313644534
834628312
473820689
930309884
652943181
467137273
339609797
517250168
361479185
685948913
41312616
242252019
692055739
836283795
332015507
991939188
544944893
972216675
33203933
700089998
49736139
92866991
292377860
273633587
604845099
607686538
31001105
675333784
197519460
210485199
976790654
260349189
398762123
227220871
799583527
919906268
466040589
200311190
914624991
366224077
802488704
307103245
687117764
212021037
671157594
199122270
579218441
572177109
863941860
305280993
305955879
451093435
794808415
997383978
405817315
147697877
831603043
534924205
751619939
884543475
136329784
186175227
118501266
388900875
73522484
168740360
697014289
124052183
651583314
554187553
653000439
579318467
290894343
414341168
264198243
464915872
51575472
320792644
389534574
830493321
418725860
991224568
108927347
10342379
736608847
787032720
783472067
500559486
978810700
989208631
220957259
192088183
175973480
561281023
178939379
660883311
561588095
515559731
121020914
592230018
856400690
181812714
140068505
420274748
240332208
386357758
892516128
962903135
781856033
942224495
678429312
615581740
289602033
364303622
959907270
265083513
46161254
956693245
649073417
548299212
748011955
265107011
306281365
303984495
493018618
521733270
215121419
333017724
719677724
237306058
363882216
608104210
244353481
33544235
300111918
302572965
338240963
934701022
299901469
499413859
560710979
217405447
619130617
881014866
802223843
371186639
131052533
300891930
698116747
903561768
22293574
942983321
314203117
412597410
266436312
875765115
7020316
965017308
215164221
235854264
108809095
512483218
822296397
553004439
867447165
974325182
590270676
260056821
19742772
335617829
914648031
660866746
403222158
423987156
824215730
560475101
539495012
377408250
734766579
482989094
422576606
607767231
510424984
757401049
390892324
620950927
921043642
974057953
85785977
497636358
569458743
433115163
383916998
685515381
291281487
873881382
37106429
395865182
815743461
971329026
818268839
787349357
12009957
839557899
805800311
507762195
284605228
95678715
372123175
430294345
642231652
607726670
672290341
531380790
301258960
619329367
777008120
190737142
812566280
485595426
704148749
379488752
359587057
720609396
663634129
628589428
228361392
749417479
494735748
862347997
370185134
424929582
748331756
658228122
663803952
669814379
756506260
982709601
287998755
687244990
645357766
653289793
199329766
320423708
123116652
395123575
254705971
78270321
55041128
928164661
11372522
47592367
965897702
971095853
233683747
827309004
219091653
221397572
192313180
653704263
61819296
716453859
555310102
548651469
766214268
112212756
319515945
659318874
775107584
234649411
416530028
270659751
841620096
365752668
989397209
595179263
345966769
876346223
396145519
665908648
897668607
735102517
885862409
586739304
585548848
147475100
607129603
583834101
833092440
64693729
378093459
472568443
556169649
86450738
832038881
570036588
466357487
676917029
727614239
335670420
868227543
585727197
579212603
725905284
783000879
946329500
641148114
517021628
763609866
638977540
680574765
4787731
806159088
780194588
223198005
422266544
583860394
863321820
234997594
100638172
141123764
270299587
436423931
615355127
683795206
90474342
67781085
558100511
720643912
285982431
491060798
685145210
951980427
825284289
81046681
181474411
536795124
39644118
970038657
197354781
716139141
237198963
464337084
463625855
739948264
565587952
291127225
103099527
413658982
411504951
281150142
230594372
509474227
212342228
594686146
37623153
59611100
143268659
555696207
177533188
726291039
701031115
522628965
288313532
161835779
934258252
717370381
744231729
185953650
925076646
919350933
655082917
823594104
48047404
225462055
136843575
893841253
140686528
725554698
775729670
608360863
69185339
456862003
6941766
452583123
454504854
33922229
45300971
312007407
834748326
683153102
525697967
169066163
796103351
231690020
365931628
742970406
19655517
311742410
609491841
369728531
59034349
448733828
245556821
481257288
585611086
402557005
357244572
110473988
763297261
504902259
625524591
77257745
197011241
340782115
131951284
192664365
947612521
726738289
78668320
238263090
324467902
877953364
257125279
496517295
450807167
712052304
911421615
687885054
7472438
472899138
627087415
381321580
702442889
806579303
836554994
245049900
664508844
159026993
578259050
825241124
211313509
414530728
11684783
979322531
940341536
863705261
941254562
306393652
394411439
972042870
178705856
774185510
160761814
58181365
458648960
477690411
825831856
768461994
721437380
934346184
675926199
746135153
296733584
633981498
240495972
111871047
901519024
762365635
813198968
700890173
615769240
321730671
82042183
954607993
750883181
898837480
62347256
997824164
749825105
607087984
410526039
245787032
899562468
989075054
344067429
74991471
313856290
680185215
602740357
668709849
126299293
70015369
167292896
238496828
789325010
114115423
368979726
236745451
47591066
767654361
123458825
644227161
188162271
845514233
291642052
162352409
785647396
146252453
207320850
107556844
350088683
874654500
833229791
736115333
94331919
289883463
848698977
846282688
991362483
705320805
516999376
414509545
740964325
957862784
54448346
48292631
217682223
72369701
320301191
313666112
383272182
702934469
576302847
28414521
786678145
253694760
553037431
69691553
483587007
40318539
283251957
624006252
392661818
350789985
78684194
980888272
831159963
316840946
575047264
622877856
450446644
493812707
651672080
980670132
134237172
128708582
887086537
527787988
211769932
799031436
596725513
280410857
206276322
505131481
820999707
496166477
804302633
505539066
388843026
190802344
383453521
105397067
754160868
241110808
262867096
551658687
360118536
615665848
624977410
775731706
510036001
779902046
439728579
84885833
976265465
514686443
411174815
796702417
755961730
436635829
482496982
282730536
779794617
538205099
997747328
420581185
930252993
693957134
478998514
287286140
618869854
807773399
749196492
718217626
712227743
349585594
182086108
354659487
788389172
834331117
362699788
677873900
836614057
456278447
889049807
940614838
331982644
828401572
521926826
688209938
842766054
632741737
404483685
267306633
883387549
928209124
8503556
681850963
514228735
186435366
867162841
378379547
577378868
284747196
89992424
742603406
573473141
610467495
235184780
492863265
633771407
824102662
639921237
83787882
786206957
956162139
229736559
790137230
794841764
268289295
459395478
304779281
827017966
800212164
531539118
396273683
393411264
90604740
813621178
555517457
650223999
136771549
257488112
10383176
598715788
269863036
864845031
468456873
421647333
716723960
336648653
731187250
520649337
125650361
65824683
510387334
133758698
340587667
339623701
549037925
699497845
98672442
321788945
667972050
140953580
250804856
305929549
910069126
553502874
650500063
570176900
457106337
860682400
83238508
762214421
683766375
84109668
574256043
179854860
246898529
230989698
796388788
762384285
642016982
122363612
162991178
585065393
885934993
681379768
130453417
459280254
467250139
885805653
352482017
563159428
874125461
795993556
892711169
230935118
251194581
25812920
782196026
432402186
798358927
569321054
428998977
483078557
835396496
433709408
91266672
651971880
30376060
