217177194
737258428
527112606
529977121
414162983
498720644
769819977
494965964
420410524
683834687
76438961
951606757
806142442
114855020
482122411
157277967
101223034
310594434
424916998
172745679
858402251
428335649
13207752
753422924
168254879
584618755
115281269
40584476
874243782
419039848
391358636
613958022
630522297
104726772
984538801
416794401
914294031
227523892
783673264
237031189
581029101
987498888
327407280
687873603
783940586
211058319
66663556
979693752
38981943
186626361
711623663
682861417
756401822
263417606
190064909
964802200
993962854
514858133
527892621
385454092
944801657
472007706
195291069
597803638
419873872
264141962
318932644
980030374
273454146
702228509
816655644
446439798
926659546
364524822
592358194
406760061
674893261
545276207
772251054
798544586
304791103
844794843
41698384
346017281
852161134
504038680
453957435
477047316
892596735
371534093
533796528
292416745
373967047
264063146
898488823
830972342
632796426
113200699
843677968
88252353
197620930
908450821
108865886
466256307
311045911
720362692
207277680
481789923
486925536
407630098
286340048
252783651
516588500
23347865
89369455
913096621
60606485
425703404
751829640
529669518
132191044
691069315
541580920
873566934
119734441
787533038
206948294
24523627
584512910
240777566
545095705
324006712
85924272
286370595
930024951
277536793
122420657
387243434
579297582
711848732
572880274
615491752
827006493
30263273
755884555
142064905
163818768
603304336
261029092
883668702
142972481
662879277
951636163
233228531
9314889
977591672
558478923
655993239
368053087
357720133
14254813
961107582
241274266
48678205
311175877
981338056
742885046
155845939
415990836
620929470
814554663
848075076
988347312
400045598
17421405
765069894
556351378
356308276
57386802
732424645
120132002
331891832
554079148
950572660
517991954
654205976
740179722
649640849
469311031
70167360
722002581
227029562
525157014
946005247
680221791
312467164
292445078
495036706
427002363
877406692
306666679
596669175
549150345
154671730
640737751
958040093
556652449
699040899
535070260
729356908
883786119
34330244
179102662
63487386
903736564
252946509
337562452
724485804
184384400
759492757
671949847
282510306
53328469
850730528
122638515
328458148
41080882
125487527
774319410
960039666
805159514
331601641
682648734
600118253
661554864
421616976
656363641
559408155
250186269
589157170
211783389
966511613
666387895
715115
766403147
42803888
34323263
313000561
125068186
369512571
77252409
661023578
594015245
876772339
974626222
364110997
680238798
203116338
343880399
849810126
494648758
585587362
34047086
491733396
333274242
850741328
557443005
574659542
169442779
426115869
930568993
927581131
72713756
456031635
610625735
292645891
52321173
948651955
456605323
506211133
192113675
187948768
726151022
753624807
230939100
971227373
806430347
913858105
993117204
235522691
165495639
330738890
769127594
685990683
133463388
301779822
619859982
92361575
699539625
265369921
635605130
460666333
252487833
397056102
397202433
255954424
909049625
115335810
672138067
800067188
932670883
552131637
819327844
336270600
995402662
341876530
524254518
492018548
100885535
818976071
58054247
305560648
771755098
400917731
937393329
62597925
926337856
55706027
497407593
70135717
826783359
617740694
924136352
964900186
413403399
600517743
969425107
384308311
455559288
771057127
18136965
36079588
300371700
696610844
339130511
590881667
833385005
343737201
613444969
796573081
694331475
644757435
197843399
385104768
953452287
775130355
94154390
125787267
788340944
444970368
447425676
691364978
603187747
180873005
426813363
533050708
706971444
555964425
783752599
656696197
290431801
528887742
334271071
548496244
75938431
118162231
38316091
657444469
95338984
162080191
215624140
543442969
78081104
61449163
965720764
887597122
705761832
12593685
790964256
573582273
116226106
805543252
885729360
563773124
766169237
545593058
878550815
501050290
45316824
705121218
843799899
995455308
34493728
755025138
799693931
355024058
73149404
902185963
846344760
714497379
165953219
63728011
922370048
336717200
552853822
392328211
549351795
594632300
385508926
827938577
24889326
703114632
596090769
757842895
950661672
352730888
33185024
335655969
295963460
682249073
763780169
639004341
708654395
935815583
34369071
210772340
207831074
113111346
603564131
64491971
752381977
343421384
110381262
907983162
887616881
372047462
97097162
603288325
285952465
356372513
136703150
234257053
970026884
419524607
528506629
671421279
695432214
179697722
370173096
815844433
664968116
747138196
126977115
420872602
664386340
889071401
691979897
91263733
768434258
35879472
918157772
191015354
793280140
593511629
139124368
394075979
410987241
504468509
784541693
297517730
214143297
749299041
374412525
99041685
344694661
438738104
687535658
769069472
515881991
159476604
632582907
288215013
428694361
203681038
775988110
467255714
790972884
809235283
496823560
914276067
45197147
691789667
767031132
800318333
988368732
83875481
61500959
232589031
701462677
237802384
712546741
311573878
209937314
18704654
300169044
739809516
131139140
241357922
421177041
519320721
380925050
228882519
927207457
634420482
994150296
829100738
210753171
331147459
232974980
319802173
921243227
261800002
607537717
856020706
643511477
556541521
29711081
271751506
946383269
890511654
369392404
200062709
332071722
221112179
786730498
9230873
506557128
368374838
637728560
578021561
603297392
304259757
731293560
335615751
496258496
270030867
723703029
869329506
2193869
693132851
920820674
949738371
375295730
245892038
391395183
780167323
34144809
862562542
905760247
649691425
204236924
766161580
396908008
443028083
682617236
612888212
637108575
7085370
768131746
740485732
930033806
236631153
194690713
882851495
42846517
165015622
183471448
669918255
616196506
692147822
652436487
681013624
597039583
173135492
532230285
77360308
748050173
804461381
932521600
823712602
281476074
51501278
867385614
970720680
515231325
309852850
444696246
738087323
226385103
651062270
128024818
254150009
190870018
287914544
727734351
460680591
689976198
293215938
43988650
560650424
956634959
577167073
196196864
7593246
382596710
523596511
732260811
366562378
62027906
18671946
726308125
40768773
13709654
290207980
436434458
876720647
26106261
425360740
947354308
205026770
192857475
515854655
103108300
824974418
230644027
736025811
556779633
538515241
836889740
699717112
241645261
788590707
643740173
9152635
511881197
321002466
733070231
774306059
749360253
780176116
853680704
878176460
544407282
507203378
744828612
750847086
123547057
921921762
138016723
263523605
352205468
578612872
796971426
880326555
859578539
165982241
579617878
749311095
929431237
461422204
318806788
780301193
866589740
455015086
481413144
383317310
818254157
555353256
462881104
574947864
667700683
284565903
456555879
403487165
823304826
587431707
360907742
348846106
19296964
110408618
